 -1.2335  -0.0185   4.5885   1.524   -1.334    3.2118   1.1975  -0.2276 -0.2468   0.6114   2.7278  -4.6958  -1.9317   1.1172  -3.6464
-4.2064  -4.5997   2.396   -1.2932  -5.559    0.2922  -1.3066  -0.8619 0.2067   2.6017  -3.03    -4.0398   5.5231   1.6339   1.2005
-4.4141   4.8683   1.651    0.1799  -4.349    0.4785   1.2751  -5.2554 1.9121  -2.44     3.1889  -2.2818  -1.9676   0.4569  -2.1764
-4.5533  -1.2684   4.3017  -0.5742   0.1918  -3.7582   0.7156  -0.4475 1.0111   0.3902  -1.6827   4.4077  -3.0022   1.7098   1.8405
-3.6306  -2.7429  -1.8146   0.3709   3.6788  -0.9897   1.4518   0.7389 -1.7042   0.2468  -0.2341  -1.8163  -1.4972   8.2552  -4.0617
-1.6196  -2.838   -1.9854   2.8965  -4.2402  -0.5993   2.6995   0.8461 -1.8825   0.9373  -2.9373   3.4473   3.0118   5.3212  -2.3172
-7.1726   8.8071   1.9487  -2.1093  -5.4725  -0.9242  -2.4765   4.3731 -0.9968   0.6565   0.0347   1.4848  -0.9581   0.6654   2.1069
5.5141  -2.4452  -0.291   -0.2174  -1.4364   3.0268  -3.0282   1.5811 1.0239  -3.7009   5.5399  -2.9567 -14.552   11.36    -0.3732
-0.6022  -1.9025   1.8587  -1.2229  -0.715    3.0008  -0.9476  -2.2293 0.1686   1.9096  -0.185   -0.1821  -2.4544   0.8771  -0.9657
-2.9157   2.6318   1.9369   1.3582  -1.7123  -0.9864   3.0029  -3.7783 -0.0682   0.7274   3.9822  -3.1137  -3.855    1.2331  -0.2035
-2.6282   3.5065   3.0447  -4.7647   3.2705   1.2481   2.3705  -1.8353 -3.6185   6.8194  -4.497   -0.2687   0.7727   4.0239   0.9735
7.4143  -2.7443  -1.8707  -1.2176  -2.361    2.056   -3.3901   1.8919 0.3722   2.741   -4.2947  -1.8672   5.9216   6.5015   6.1737
1.5096  -3.2613  -3.5108   3.0482   3.093   -3.7623  -0.7417   3.3791 -0.1278  -2.2009   2.8027   1.8548  -0.372   -5.2686   3.815 
0.6613  -1.2048  -0.9629   0.7108  -0.7328   4.8769   0.144   -0.2429 0.5984  -4.0512   3.5363   2.3974  -0.3776  -1.0526   5.6036
-0.3502   3.5935   2.4463   1.4463   3.1225   1.4241  -0.2818   0.292 -1.8768   0.8599   6.5173  -2.7553  -2.9391   0.3872  -1.1938
-2.6427   1.4916  -0.1347   0.1951  -2.0223   2.5225   0.2629   0.4363 -1.6692   2.4003   0.5726  -2.6514   5.157   -1.8612   2.6521
1.9526  -2.6373   0.59    -2.0436   1.3308   0.2541   0.4842  -1.2676 1.5411  -3.5829  -4.4032  -0.0114  11.5356  -0.142   -2.3547
-0.4917   3.0345  -2.5386   2.1108  -0.8253  -2.2667   0.5443  -5.633 2.8889  -1.4374  -2.4102   3.2959  -6.6801   3.559   -2.2549
2.6484   2.693   -3.6158   0.3803  -1.2782   0.2616   2.2523  -3.5712 0.5552   2.9627   0.0077   5.0214  -1.5606  -5.3898   4.144 
0.0251  -1.0004   0.4899  -0.4093  -0.773   -0.2859  -2.9582   3.2428 0.1443  -2.3531  -0.6652  -1.046    1.2627   2.9666   3.3133
1.2532  -0.1226  -0.9298   0.4321  -0.5958   0.2347   4.3146  -0.9096 1.6465  -2.6761   0.8679  -0.8395   5.7622   0.3889   5.3744
-1.2738   3.024   -0.684   -2.1467   0.7328  -1.0387   1.8155   0.5615 0.9023  -3.8853  -0.6979   4.7225   1.6733  -0.1346   0.138 
-2.6446   2.0752  -0.0014  -1.8515   0.4611   4.0038  -5.8923   5.0858 -0.9954  -0.467    3.0419   0.1818  -0.7685  -2.526    0.5716
 0.9974  -5.5216   0.2356   0.2337  -2.2284   0.7274   1.9301   1.0844 -0.3963  -0.1797  -1.681    2.826   -0.7494   0.0547  -3.5582

